12.20732 1.164489 12.83851 5.963392 1.096512
6.39535 3258.464 1.805615 0.5915497 1.797303
-8.220121 2.464973 -8.030054 0.08914201 0.02985972
0.1216398 0.1320078 0.04041599 0.1709537 5.163226
0.06641506 0.02104695 0.08350412 0.07912155 0.1453138
0.09973674 12.03172 1.104896 12.59729 5.712167
1.018295 6.051557 3250.978 1.678023 0.5520816
1.647254 -8.36991 2.183139 -8.235738 12.14692
1.14479 12.75069 5.871853 1.070572 6.280419
3254.583 1.758122 0.5766108 1.739774 -8.274216
2.360354 -8.096135 12.20794 1.164525 12.84453
5.963083 1.096319 6.394324 3257.615 1.805252
0.591902 1.793952 -8.222614 2.469389 -8.02657
12.26677 1.182942 12.91368 6.049518 1.123368
6.513106 3261.465 1.849226 0.6043153 1.850566
-8.166897 2.562166 -7.960877 12.37793 1.222831
13.07968 6.220309 1.177259 6.728081 3270.391
1.936118 0.6347816 1.967958 -8.067054 2.751445
-7.849817 1.001485 1.000632 1.005841 1.001474
1.000002 1.001343 1.00524 1.002596 1.000466
1.005981 1.001146 1.000418 1.003091 1200
1200 410 1200 1200 1200
370 700 1200 320 1200
1200 630
